0.000000	0.000000	
0.473047	0.473047	
0.830206	0.830206	
1.049160	1.049160	
1.445185	1.445185	
1.610023	1.610023	
1.810263	1.810263	
2.318446	2.318446	
2.670000	2.670000	
2.971615	2.971615	
3.139426	3.139426	
3.419112	3.419112	
3.638200	3.638200	
3.817665	3.817665	
4.039083	4.039083	
4.316438	4.316438	
5.400000	5.400000	
6.031894	6.031894	
6.188052	6.188052	
6.454913	6.454913	
6.849976	6.849976	
7.043425	7.043425	
7.311728	7.311728	
7.703018	7.703018	
8.100000	8.100000	
8.369569	8.369569	
8.874586	8.874586	
9.266833	9.266833	
9.581857	9.581857	
9.764497	9.764497	
10.111390	10.111390	
10.254805	10.254805	
11.563911	11.563911	
11.916870	11.916870	
12.445111	12.445111	
12.833136	12.833136	
12.995565	12.995565	
13.167834	13.167834	
13.689491	13.689491	
14.042399	14.042399	
14.210000	14.210000	
14.494727	14.494727	
14.903153	14.903153	
15.446742	15.446742	
15.611288	15.611288	
15.764081	15.764081	
16.113740	16.113740	
16.257718	16.257718	
17.500038	17.500038	
17.826780	17.826780	
18.035401	18.035401	
18.305726	18.305726	
18.517285	18.517285	
18.708276	18.708276	
18.984478	18.984478	
19.466362	19.466362	
20.040000	20.040000	
20.531882	20.531882	
20.885092	20.885092	
21.396208	21.396208	
21.634764	21.634764	
21.827228	21.827228	
22.139670	22.139670	
22.318315	22.318315	
23.510000	23.510000	
23.915516	23.915516	
24.240455	24.240455	
24.560395	24.560395	
24.715366	24.715366	
24.872836	24.872836	
25.377742	25.377742	
25.730176	25.730176	
26.200000	26.200000	
26.432544	26.432544	
26.764982	26.764982	
26.932450	26.932450	
27.082422	27.082422	
27.257389	27.257389	
27.659814	27.659814	
27.817284	27.817284	
29.120000	29.120000	
29.469474	29.469474	
29.626945	29.626945	
29.968802	29.968802	
30.100628	30.100628	
30.259231	30.259231	
30.582617	30.582617	
30.886416	30.886416	
31.420000	31.420000	
31.737105	31.737105	
31.908067	31.908067	
32.217034	32.217034	
32.398295	32.398295	
32.577581	32.577581	
32.849173	32.849173	
33.053310	33.053310	
34.280000	34.280000	
34.654459	34.654459	
34.911069	34.911069	
35.289167	35.289167	
35.598036	35.598036	
35.798623	35.798623	
36.041813	36.041813	
36.474940	36.474940	
36.740000	36.740000	
37.131730	37.131730	
37.476101	37.476101	
37.748169	37.748169	
37.943997	37.943997	
38.117444	38.117444	
38.334253	38.334253	
38.605615	38.605615	
39.770000	39.770000	
40.238385	40.238385	
40.435611	40.435611	
40.729352	40.729352	
41.069253	41.069253	
41.242701	41.242701	
41.547632	41.547632	
41.753251	41.753251	
42.363569	42.363569	
42.591114	42.591114	
42.765960	42.765960	
43.063898	43.063898	
43.261124	43.261124	
43.449958	43.449958	
43.808043	43.808043	
43.974496	43.974496	
45.200000	45.200000	
45.426611	45.426611	
45.778101	45.778101	
46.131761	46.131761	
46.602584	46.602584	
46.769651	46.769651	
47.129820	47.129820	
47.351128	47.351128	
47.725891	47.725891	
48.089076	48.089076	
48.273500	48.273500	
48.713948	48.713948	
49.173923	49.173923	
49.347498	49.347498	
49.729364	49.729364	
49.933315	49.933315	
51.160000	51.160000	
51.376161	51.376161	
51.686427	51.686427	
51.838306	51.838306	
51.988015	51.988015	
52.183287	52.183287	
52.508741	52.508741	
52.862401	52.862401	
53.190000	53.190000	
53.352752	53.352752	
53.680375	53.680375	
54.018847	54.018847	
54.355150	54.355150	
54.502689	54.502689	
54.728337	54.728337	
54.995209	54.995209	
56.170000	56.170000	
56.503146	56.503146	
56.806903	56.806903	
57.132357	57.132357	
57.479508	57.479508	
57.646574	57.646574	
57.939483	57.939483	
58.280125	58.280125	
58.580000	58.580000	
58.896317	58.896317	
59.121965	59.121965	
59.458268	59.458268	
59.803249	59.803249	
59.965976	59.965976	
60.284921	60.284921	
60.473684	60.473684	
61.760000	61.760000	
62.077087	62.077087	
62.261511	62.261511	
62.589135	62.589135	
62.916759	62.916759	
63.081655	63.081655	
63.398430	63.398430	
63.715206	63.715206	
64.215134	64.215134	
64.472429	64.472429	
64.760998	64.760998	
65.058246	65.058246	
65.335966	65.335966	
65.505202	65.505202	
65.819808	65.819808	
66.054135	66.054135	
67.320000	67.320000	
67.594617	67.594617	
68.111004	68.111004	
68.382215	68.382215	
68.794457	68.794457	
69.117005	69.117005	
69.421195	69.421195	
69.727708	69.727708	
70.100000	70.100000	
70.437483	70.437483	
70.588418	70.588418	
70.992457	70.992457	
71.363987	71.363987	
71.589227	71.589227	
71.849298	71.849298	
72.074538	72.074538	
73.240000	73.240000	
73.502608	73.502608	
73.816086	73.816086	
74.080801	74.080801	
74.343195	74.343195	
74.512705	74.512705	
74.751878	74.751878	
75.197714	75.197714	
75.360259	75.360259	
75.520481	75.520481	
75.782874	75.782874	
76.170659	76.170659	
76.493426	76.493426	
76.632750	76.632750	
76.975012	76.975012	
77.130868	77.130868	
78.360000	78.360000	
78.743458	78.743458	
79.063775	79.063775	
79.346438	79.346438	
79.696299	79.696299	
79.864269	79.864269	
80.089302	80.089302	
80.547476	80.547476	
81.080000	81.080000	
81.587492	81.587492	
81.938218	81.938218	
82.414638	82.414638	
82.761310	82.761310	
82.996479	82.996479	
83.316796	83.316796	
83.485064	83.485064	
84.640000	84.640000	
84.859587	84.859587	
85.205571	85.205571	
85.358993	85.358993	
85.587562	85.587562	
86.012169	86.012169	
86.370677	86.370677	
86.660301	86.660301	
87.020000	87.020000	
87.356965	87.356965	
87.554223	87.554223	
87.856371	87.856371	
88.006663	88.006663	
88.214879	88.214879	
88.526421	88.526421	
88.684540	88.684540	
89.960000	89.960000	
90.495867	90.495867	
90.672772	90.672772	
90.998404	90.998404	
91.233235	91.233235	
91.471196	91.471196	
91.784304	91.784304	
92.147508	92.147508	
92.464320	92.464320	
92.801903	92.801903	
93.157280	93.157280	
93.478215	93.478215	
93.694259	93.694259	
93.935352	93.935352	
94.243762	94.243762	
94.456675	94.456675	
95.760000	95.760000	
95.892273	95.892273	
96.188159	96.188159	
96.422990	96.422990	
96.737663	96.737663	
96.892651	96.892651	
97.207324	97.207324	
97.495383	97.495383	
97.840000	97.840000	
98.027665	98.027665	
98.285979	98.285979	
98.653880	98.653880	bbb
98.851138	98.851138	
98.999864	98.999864	
99.278529	99.278529	
99.519622	99.519622	
100.810000	100.810000	
101.039758	101.039758	
101.415735	101.415735	
101.625840	101.625840	
101.861747	101.861747	
102.031305	102.031305	
102.351991	102.351991	
102.634279	102.634279	
102.840000	102.840000	
103.190872	103.190872	
103.360431	103.360431	
103.671901	103.671901	
104.217436	104.217436	
104.436756	104.436756	
104.768500	104.768500	
104.928843	104.928843	
106.120000	106.120000	
106.408791	106.408791	
106.676029	106.676029	
107.055692	107.055692	
107.275012	107.275012	
107.516448	107.516448	
108.010378	108.010378	
108.414000	108.414000	
108.720000	108.720000	
109.027727	109.027727	
109.243361	109.243361	
109.488483	109.488483	
109.807326	109.807326	
110.054291	110.054291	
110.189996	110.189996	
110.534297	110.534297	
111.710000	111.710000	
111.937033	111.937033	
112.215180	112.215180	
112.579027	112.579027	
113.043608	113.043608	
113.257105	113.257105	
113.551791	113.551791	
113.805883	113.805883	
114.140000	114.140000	
114.468926	114.468926	
114.835780	114.835780	
115.160536	115.160536	
115.572494	115.572494	
115.704802	115.704802	
115.904768	115.904768	
116.199454	116.199454	
117.480000	117.480000	
117.711974	117.711974	
118.029212	118.029212	
118.182569	118.182569	
118.325402	118.325402	
118.517850	118.517850	
118.836592	118.836592	
119.332746	119.332746	
119.740000	119.740000	
119.953692	119.953692	
120.234846	120.234846	
120.553588	120.553588	
120.715966	120.715966	
120.873833	120.873833	
121.182051	121.182051	
121.348939	121.348939	
122.640000	122.640000	
122.807333	122.807333	
123.055411	123.055411	
123.304992	123.304992	
123.449328	123.449328	
123.605692	123.605692	
124.005622	124.005622	
124.351427	124.351427	
124.800000	124.800000	
124.979890	124.979890	
125.412898	125.412898	
125.839892	125.839892	
126.089473	126.089473	
126.318004	126.318004	
126.579613	126.579613	
126.818670	126.818670	
128.087623	128.087623	
128.278568	128.278568	
128.592799	128.592799	
128.923569	128.923569	
129.281402	129.281402	
129.436262	129.436262	
129.780564	129.780564	
130.198536	130.198536	
130.630000	130.630000	
130.784901	130.784901	
130.983363	130.983363	
131.210391	131.210391	
131.619343	131.619343	
131.765183	131.765183	
132.104974	132.104974	
132.271862	132.271862	
133.488193	133.488193	
133.761830	133.761830	
134.194838	134.194838	
134.373754	134.373754	
134.540643	134.540643	
134.695503	134.695503	
135.017252	135.017252	
135.221728	135.221728	
135.640000	135.640000	
135.973478	135.973478	
136.156904	136.156904	
136.466625	136.466625	
136.776346	136.776346	
136.958270	136.958270	
137.203340	137.203340	
137.463445	137.463445	
138.944392	138.944392	
139.111450	139.111450	
139.276758	139.276758	
139.523961	139.523961	
140.080547	140.080547	
140.270120	140.270120	
140.496090	140.496090	
140.940449	140.940449	
141.200000	141.200000	
141.428789	141.428789	
141.751962	141.751962	
142.111393	142.111393	
142.422292	142.422292	
142.589116	142.589116	
142.901532	142.901532	
143.072906	143.072906	
144.440000	144.440000	
144.833659	144.833659	
145.073279	145.073279	
145.335648	145.335648	
145.617732	145.617732	
145.871001	145.871001	
146.143986	146.143986	
146.551947	146.551947	
146.840000	146.840000	
147.185879	147.185879	
147.378485	147.378485	
147.853175	147.853175	
148.186823	148.186823	
148.343031	148.343031	
148.760092	148.760092	
148.916300	148.916300	
150.160000	150.160000	
150.492029	150.492029	
150.821128	150.821128	
151.136577	151.136577	
151.307951	151.307951	
151.473258	151.473258	
151.685580	151.685580	
152.132972	152.132972	
152.459037	152.459037	
152.779036	152.779036	
153.355338	153.355338	
153.661687	153.661687	
153.989269	153.989269	
154.169743	154.169743	
154.465476	154.465476	
154.650499	154.650499	
155.920000	155.920000	
156.270210	156.270210	
156.791914	156.791914	
157.055800	157.055800	
157.477410	157.477410	
157.636651	157.636651	
158.082526	158.082526	
158.448023	158.448023	
158.839301	158.839301	
159.169916	159.169916	
159.700720	159.700720	
159.985838	159.985838	
160.333135	160.333135	
160.572755	160.572755	
160.910953	160.910953	
161.062611	161.062611	
162.240000	162.240000	
162.456351	162.456351	
162.677772	162.677772	
163.125164	163.125164	
163.522509	163.522509	
163.654451	163.654451	
163.988100	163.988100	
164.349046	164.349046	
164.640000	164.640000	
164.829803	164.829803	
165.073973	165.073973	
165.569896	165.569896	
165.917193	165.917193	
166.124965	166.124965	
166.357002	166.357002	
166.604205	166.604205	
167.770457	167.770457	
168.251214	168.251214	
168.530265	168.530265	
168.853297	168.853297	
169.240026	169.240026	
169.412916	169.412916	
169.758697	169.758697	
170.175758	170.175758	
170.640000	170.640000	
170.818789	170.818789	
171.055376	171.055376	
171.385991	171.385991	
171.642293	171.642293	
171.789402	171.789402	
172.115467	172.115467	
172.267125	172.267125	
173.600000	173.600000	
173.777642	173.777642	
173.962665	173.962665	
174.309962	174.309962	
174.435839	174.435839	
174.628445	174.628445	
174.951477	174.951477	
175.306357	175.306357	
175.606641	175.606641	
175.956971	175.956971	
176.131378	176.131378	
176.455927	176.455927	
176.736495	176.736495	
176.953366	176.953366	
177.208152	177.208152	
177.459905	177.459905	
178.620000	178.620000	
178.802081	178.802081	
179.332885	179.332885	
179.675632	179.675632	
180.000181	180.000181	
180.159422	180.159422	
180.453639	180.453639	
180.964728	180.964728	
181.186222	181.186222	
181.349940	181.349940	
181.683588	181.683588	
181.962639	181.962639	
182.185577	182.185577	
182.379122	182.379122	
182.637519	182.637519	
182.895338	182.895338	
184.100000	184.100000	
184.298177	184.298177	
184.786516	184.786516	
185.108032	185.108032	
185.415898	185.415898	
185.622154	185.622154	
185.866323	185.866323	
186.199972	186.199972	
186.580634	186.580634	
186.782339	186.782339	
187.252480	187.252480	
187.655891	187.655891	
187.796933	187.796933	
187.974373	187.974373	
188.300439	188.300439	
188.453614	188.453614	
189.680000	189.680000	
190.196167	190.196167	
190.658725	190.658725	
191.043937	191.043937	
191.451898	191.451898	
191.670286	191.670286	
192.000901	192.000901	
192.313317	192.313317	
192.668197	192.668197	
192.994263	192.994263	
193.179286	193.179286	
193.509901	193.509901	
193.832933	193.832933	
194.019473	194.019473	
194.327339	194.327339	
194.503262	194.503262	
195.690000	195.690000	
195.928850	195.928850	
196.405057	196.405057	
196.579464	196.579464	
196.920696	196.920696	
197.105719	197.105719	
197.422684	197.422684	
197.768465	197.768465	
198.100000	198.100000	
198.279554	198.279554	
198.684481	198.684481	
199.142489	199.142489	
199.441256	199.441256	
199.636895	199.636895	
199.931112	199.931112	
200.099453	200.099453	
201.368833	201.368833	
201.582671	201.582671	
201.901153	201.901153	
202.139257	202.139257	
202.524469	202.524469	
202.724952	202.724952	
203.038616	203.038616	
203.507803	203.507803	
203.890000	203.890000	
204.098241	204.098241	
204.409275	204.409275	
204.736125	204.736125	
205.059460	205.059460	
205.245729	205.245729	
205.618267	205.618267	
205.808051	205.808051	
207.040000	207.040000	
207.210341	207.210341	
207.544220	207.544220	
207.995835	207.995835	
208.226035	208.226035	
208.387703	208.387703	
208.656563	208.656563	
209.071275	209.071275	
209.382309	209.382309	
209.542220	209.542220	
209.874341	209.874341	
210.352315	210.352315	
210.747697	210.747697	
210.935724	210.935724	
211.297718	211.297718	
211.526162	211.526162	
212.840000	212.840000	
213.074304	213.074304	
213.592695	213.592695	
213.926573	213.926573	
214.253423	214.253423	
214.441449	214.441449	
214.759512	214.759512	
215.028373	215.028373	
215.520000	215.520000	
215.961475	215.961475	
216.126658	216.126658	
216.478109	216.478109	
216.722367	216.722367	
216.949053	216.949053	
217.376066	217.376066	
217.527190	217.527190	
218.760000	218.760000	
218.932995	218.932995	
219.084119	219.084119	
219.330135	219.330135	
219.725518	219.725518	
219.903000	219.903000	
220.252694	220.252694	
220.581301	220.581301	
220.930995	220.930995	
221.270145	221.270145	
221.604024	221.604024	
221.927359	221.927359	
222.252452	222.252452	
222.408847	222.408847	
222.860462	222.860462	
223.034430	223.034430	
224.240000	224.240000	
224.449021	224.449021	
224.756541	224.756541	
225.032430	225.032430	
225.264388	225.264388	
225.436599	225.436599	
225.763449	225.763449	
226.116657	226.116657	
226.320000	226.320000	
226.577058	226.577058	
226.889850	226.889850	
227.272932	227.272932	
227.438114	227.438114	
227.613839	227.613839	
227.887971	227.887971	
228.132230	228.132230	
229.310000	229.310000	
229.546821	229.546821	
229.861369	229.861369	
230.044124	230.044124	
230.383274	230.383274	
230.678493	230.678493	
230.855976	230.855976	
231.042245	231.042245	
231.632683	231.632683	
231.934931	231.934931	
232.151074	232.151074	
232.449807	232.449807	
232.745026	232.745026	
232.991042	232.991042	
233.317892	233.317892	
233.472530	233.472530	
234.640000	234.640000	
234.841433	234.841433	
235.127865	235.127865	
235.474045	235.474045	
235.837797	235.837797	
235.992435	235.992435	
236.219121	236.219121	
236.681280	236.681280	
236.870000	236.870000	
237.324435	237.324435	
237.670615	237.670615	
238.016794	238.016794	
238.317285	238.317285	
238.515855	238.515855	
238.999100	238.999100	
239.224029	239.224029	
240.450000	240.450000	
240.626319	240.626319	
240.993585	240.993585	
241.283533	241.283533	
241.522519	241.522519	
241.793137	241.793137	
242.047939	242.047939	
242.580387	242.580387	
242.996857	242.996857	
243.285047	243.285047	
243.473073	243.473073	
243.942261	243.942261	
244.365759	244.365759	
244.508097	244.508097	
244.843733	244.843733	
245.017701	245.017701	
246.080000	246.080000	
246.439321	246.439321	
246.685337	246.685337	
246.887422	246.887422	
247.047332	247.047332	
247.219543	247.219543	
247.565722	247.565722	
247.897844	247.897844	
248.050000	248.050000	
248.342430	248.342430	
248.686852	248.686852	
248.987342	248.987342	
249.266746	249.266746	
249.431928	249.431928	
249.744720	249.744720	
249.962619	249.962619	
251.160000	251.160000	
251.394783	251.394783	
251.549421	251.549421	
251.921960	251.921960	
252.081870	252.081870	
252.236509	252.236509	
252.552815	252.552815	
252.921838	252.921838	
253.200000	253.200000	
253.549179	253.549179	
253.854941	253.854941	
254.060540	254.060540	
254.218693	254.218693	
254.394419	254.394419	
254.731812	254.731812	
254.879421	254.879421	
256.360000	256.360000	
256.624376	256.624376	
256.879179	256.879179	
257.348366	257.348366	
257.773622	257.773622	
257.947590	257.947590	
258.313099	258.313099	
258.817432	258.817432	
259.320000	259.320000	
259.736477	259.736477	
260.086171	260.086171	
260.413020	260.413020	
260.767986	260.767986	
260.936682	260.936682	
261.267046	261.267046	
261.430471	261.430471	
262.600000	262.600000	
262.855606	262.855606	
263.147310	263.147310	
263.354666	263.354666	
263.785194	263.785194	
264.228023	264.228023	
264.574202	264.574202	
265.052176	265.052176	
265.490000	265.490000	
265.665458	265.665458	
265.953648	265.953648	
266.426350	266.426350	
266.696967	266.696967	
267.037875	267.037875	
267.315521	267.315521	
267.501790	267.501790	
268.980000	268.980000	
269.420714	269.420714	
269.666730	269.666730	
269.921532	269.921532	
270.258925	270.258925	
270.388962	270.388962	
270.698239	270.698239	
271.255289	271.255289	
271.640000	271.640000	
271.972249	271.972249	
272.153247	272.153247	
272.299099	272.299099	
272.803431	272.803431	
272.982671	272.982671	
273.313036	273.313036	
273.478218	273.478218	
274.640000	274.640000	
274.940254	274.940254	
275.135310	275.135310	
275.569352	275.569352	
275.855785	275.855785	
276.052597	276.052597	
276.397020	276.397020	
276.734413	276.734413	
276.878311	276.878311	
277.043867	277.043867	
277.206578	277.206578	
277.528809	277.528809	
277.694710	277.694710	
277.879754	277.879754	
278.195604	278.195604	
278.367886	278.367886	
279.560000	279.560000	
279.927996	279.927996	
280.148134	280.148134	
280.487912	280.487912	
280.778240	280.778240	
280.988806	280.988806	
281.341347	281.341347	
281.827884	281.827884	
282.200000	282.200000	
282.517012	282.517012	
282.695675	282.695675	
282.989192	282.989192	
283.241235	283.241235	
283.563466	283.563466	
283.828270	283.828270	
284.038837	284.038837	
285.280000	285.280000	
285.600541	285.600541	
285.961057	285.961057	
286.329550	286.329550	
286.600734	286.600734	
286.800135	286.800135	
287.071319	287.071319	
287.441407	287.441407	
287.710000	287.710000	
287.911992	287.911992	
288.449576	288.449576	
288.776592	288.776592	
289.113181	289.113181	
289.277487	289.277487	
289.602908	289.602908	
289.765619	289.765619	
291.040000	291.040000	
291.220445	291.220445	
291.660721	291.660721	
292.107378	292.107378	
292.531703	292.531703	
292.807673	292.807673	
293.125119	293.125119	
293.626013	293.626013	
294.000000	294.000000	
294.192310	294.192310	
294.449138	294.449138	
294.796892	294.796892	
295.087220	295.087220	
295.326500	295.326500	
295.560995	295.560995	
295.825799	295.825799	
297.010000	297.010000	
297.360385	297.360385	
297.913921	297.913921	
298.218605	298.218605	
298.537646	298.537646	
298.802450	298.802450	
299.148609	299.148609	
299.462864	299.462864	
299.801047	299.801047	
300.059470	300.059470	
300.284394	300.284394	
300.566745	300.566745	
300.866644	300.866644	
301.099543	301.099543	
301.431346	301.431346	
301.584486	301.584486	
302.680000	302.680000	
302.930838	302.930838	
303.262640	303.262640	
303.586467	303.586467	
303.776296	303.776296	
303.940602	303.940602	
304.280000	304.280000	
304.534018	304.534018	
304.892939	304.892939	
305.121053	305.121053	
305.256645	305.256645	
305.523044	305.523044	
305.912274	305.912274	
306.086151	306.086151	
306.406787	306.406787	
306.566308	306.566308	
307.720000	307.720000	
308.045062	308.045062	
308.327413	308.327413	
308.646454	308.646454	
308.938376	308.938376	
309.153729	309.153729	
309.469579	309.469579	
309.735978	309.735978	
309.981639	309.981639	
310.123613	310.123613	
310.369274	310.369274	
310.701076	310.701076	
310.943547	310.943547	
311.099877	311.099877	
311.446037	311.446037	
311.588010	311.588010	
312.760000	312.760000	
312.999765	312.999765	
313.192785	313.192785	
313.529373	313.529373	
313.790987	313.790987	
314.017506	314.017506	
314.352498	314.352498	
314.906034	314.906034	
315.200000	315.200000	
315.413309	315.413309	
315.888680	315.888680	
316.236434	316.236434	
316.373622	316.373622	
316.558666	316.558666	
316.884087	316.884087	
317.049988	317.049988	
318.080000	318.080000	
318.637216	318.637216	
318.817474	318.817474	
319.136515	319.136515	
319.466723	319.466723	
319.650171	319.650171	
320.023449	320.023449	
320.310585	320.310585	
320.600000	320.600000	
320.805099	320.805099	
320.975786	320.975786	
321.286850	321.286850	
321.623438	321.623438	
321.819648	321.819648	
322.156236	322.156236	
322.330114	322.330114	
323.499398	323.499398	
323.925318	323.925318	
324.202883	324.202883	
324.620827	324.620827	
325.061103	325.061103	
325.325907	325.325907	
325.482237	325.482237	
325.648138	325.648138	
325.920000	325.920000	
326.163389	326.163389	
326.485620	326.485620	
326.917920	326.917920	
327.543240	327.543240	
327.790497	327.790497	
328.114323	328.114323	
328.278630	328.278630	
329.520000	329.520000	
329.837144	329.837144	
330.191279	330.191279	
330.500749	330.500749	
331.017595	331.017595	
331.258471	331.258471	
331.588678	331.588678	
331.899743	331.899743	
332.200000	332.200000	
332.556967	332.556967	
333.129645	333.129645	
333.439114	333.439114	
333.951175	333.951175	
334.172908	334.172908	
334.372309	334.372309	
334.669017	334.669017	
335.960000	335.960000	
336.088748	336.088748	
336.280173	336.280173	
336.825733	336.825733	
337.184654	337.184654	
337.401601	337.401601	
337.727023	337.727023	
338.054040	338.054040	
338.369890	338.369890	
338.556529	338.556529	
338.716049	338.716049	
339.043066	339.043066	
339.354131	339.354131	
339.542365	339.542365	
339.902881	339.902881	
340.086330	340.086330	
341.320000	341.320000	
341.676748	341.676748	
341.831483	341.831483	
342.177642	342.177642	
342.322806	342.322806	
342.511040	342.511040	
342.793391	342.793391	
343.155502	343.155502	
343.440000	343.440000	
343.755299	343.755299	
343.992984	343.992984	
344.240241	344.240241	
344.476331	344.476331	
344.645423	344.645423	
344.950107	344.950107	
345.197363	345.197363	
346.414504	346.414504	
346.806924	346.806924	
346.983992	346.983992	
347.330151	347.330151	
347.508814	347.508814	
347.684286	347.684286	
347.985780	347.985780	
348.306416	348.306416	
348.560000	348.560000	
348.818476	348.818476	
349.001925	349.001925	
349.306609	349.306609	
349.662339	349.662339	
349.820265	349.820265	
350.158448	350.158448	
350.317968	350.317968	
351.520000	351.520000	
351.935505	351.935505	
352.115763	352.115763	
352.487446	352.487446	
352.782558	352.782558	
352.956436	352.956436	
353.257929	353.257929	
353.819441	353.819441	
354.120000	354.120000	
354.521331	354.521331	
354.845157	354.845157	
355.196102	355.196102	
355.392312	355.392312	
355.674663	355.674663	
355.923515	355.923515	
356.193105	356.193105	
357.280000	357.280000	
357.616027	357.616027	
357.944639	357.944639	
358.094588	358.094588	
358.330678	358.330678	
358.608243	358.608243	
358.967164	358.967164	
359.228778	359.228778	
359.618008	359.618008	
359.953000	359.953000	
360.134854	360.134854	
360.471442	360.471442	
360.795268	360.795268	
360.986693	360.986693	
361.300948	361.300948	
361.476420	361.476420	
362.680000	362.680000	
362.883390	362.883390	
363.264644	363.264644	
363.743205	363.743205	
364.063841	364.063841	
364.274408	364.274408	
364.607806	364.607806	
364.880586	364.880586	
365.146985	365.146985	
365.319267	365.319267	
365.569714	365.569714	
365.799423	365.799423	
365.949372	365.949372	
366.126440	366.126440	
366.442290	366.442290	
366.609787	366.609787	
367.880000	367.880000	
368.220943	368.220943	
368.597411	368.597411	
368.702694	368.702694	
369.048854	369.048854	
369.366299	369.366299	
369.725220	369.725220	
370.253233	370.253233	
370.560000	370.560000	
370.779650	370.779650	
371.129000	371.129000	
371.451231	371.451231	
371.618727	371.618727	
371.791009	371.791009	
372.116431	372.116431	
372.326998	372.326998	
373.480000	373.480000	
373.936559	373.936559	
374.115222	374.115222	
374.565069	374.565069	
374.955894	374.955894	
375.131367	375.131367	
375.429670	375.429670	
375.718402	375.718402	
376.120000	376.120000	
376.453791	376.453791	
376.632454	376.632454	
376.957875	376.957875	
377.185989	377.185989	
377.477912	377.477912	
377.782596	377.782596	
377.924569	377.924569	
379.160000	379.160000	
379.373014	379.373014	
379.669722	379.669722	
379.859551	379.859551	
380.176997	380.176997	
380.347684	380.347684	
380.599726	380.599726	
381.024050	381.024050	
381.320000	381.320000	
381.711583	381.711583	
381.874294	381.874294	
382.202906	382.202906	
382.552256	382.552256	
382.719752	382.719752	
383.051555	383.051555	
383.169600	383.169600	
384.440000	384.440000	
384.605283	384.605283	
385.063107	385.063107	
385.264103	385.264103	
385.415647	385.415647	
385.586334	385.586334	
385.905375	385.905375	
386.277057	386.277057	
386.427006	386.427006	
386.666287	386.666287	
386.921520	386.921520	
387.191109	387.191109	
387.508555	387.508555	
387.749430	387.749430	
388.033377	388.033377	
388.242348	388.242348	
389.400000	389.400000	
389.869457	389.869457	
389.992287	389.992287	
390.504348	390.504348	
390.683011	390.683011	
390.836150	390.836150	
391.169548	391.169548	
391.474232	391.474232	
391.840000	391.840000	
391.992673	391.992673	
392.176122	392.176122	
392.517495	392.517495	
392.846107	392.846107	
393.012008	393.012008	
393.366144	393.366144	
393.498546	393.498546	
394.720000	394.720000	
395.106511	395.106511	
395.270817	395.270817	
395.613786	395.613786	
395.934422	395.934422	
396.137013	396.137013	
396.414579	396.414579	
396.808594	396.808594	
396.982471	396.982471	
397.317464	397.317464	
397.483365	397.483365	
397.808787	397.808787	
398.131018	398.131018	
398.306491	398.306491	
398.651055	398.651055	
398.796218	398.796218	
400.040000	400.040000	
400.204783	400.204783	
400.549347	400.549347	
400.759914	400.759914	
401.224119	401.224119	
401.380449	401.380449	
401.591016	401.591016	
402.066386	402.066386	
402.360000	402.360000	
402.737967	402.737967	
403.007557	403.007557	
403.283527	403.283527	
403.659995	403.659995	
403.884919	403.884919	
404.290101	404.290101	
404.454407	404.454407	
405.640000	405.640000	
405.813521	405.813521	
405.998564	405.998564	
406.322391	406.322391	
406.601551	406.601551	
406.805738	406.805738	
407.135945	407.135945	
407.381606	407.381606	
407.720000	407.720000	
408.067544	408.067544	
408.444012	408.444012	
408.718387	408.718387	
408.944906	408.944906	
409.093260	409.093260	
409.413896	409.413896	
409.715390	409.715390	
410.800000	410.800000	
411.170216	411.170216	
411.375997	411.375997	
411.675895	411.675895	
412.018864	412.018864	
412.189551	412.189551	
412.519758	412.519758	
412.924940	412.924940	
413.371597	413.371597	
413.666710	413.666710	
413.862920	413.862920	
414.134105	414.134105	
414.448360	414.448360	
414.690831	414.690831	
414.993920	414.993920	
415.143869	415.143869	
416.320000	416.320000	
416.582743	416.582743	
416.834785	416.834785	
417.239967	417.239967	
417.495200	417.495200	
417.878049	417.878049	
418.133281	418.133281	
418.696388	418.696388	
419.100000	419.100000	
419.261091	419.261091	
419.685415	419.685415	
420.108144	420.108144	
420.259688	420.259688	
420.414423	420.414423	
420.706345	420.706345	
420.899365	420.899365	
422.120000	422.120000	
422.319097	422.319097	
422.449903	422.449903	
422.709922	422.709922	
422.942821	422.942821	
423.129460	423.129460	
423.477215	423.477215	
423.807422	423.807422	
424.156772	424.156772	
424.311506	424.311506	
424.474217	424.474217	
424.716688	424.716688	
425.134632	425.134632	
425.289366	425.289366	
425.616383	425.616383	
425.771118	425.771118	
426.880000	426.880000	
427.194040	427.194040	
427.452463	427.452463	
427.674196	427.674196	
427.900715	427.900715	
428.068212	428.068212	
428.331421	428.331421	
428.720650	428.720650	
429.052453	429.052453	
429.344375	429.344375	
429.709677	429.709677	
430.234499	430.234499	
430.443471	430.443471	
430.606181	430.606181	
430.936389	430.936389	
431.102290	431.102290	
432.305074	432.305074	
432.526807	432.526807	
432.813944	432.813944	
433.142556	433.142556	
433.475953	433.475953	
433.630688	433.630688	
434.000776	434.000776	
434.520812	434.520812	
434.882923	434.882923	
435.219511	435.219511	
435.509839	435.509839	
435.900664	435.900664	
436.235656	436.235656	
436.369654	436.369654	
436.695075	436.695075	
436.900857	436.900857	
438.040000	438.040000	
438.303041	438.303041	
438.593368	438.593368	
438.764055	438.764055	
439.087881	439.087881	
439.285687	439.285687	
439.623870	439.623870	
439.968434	439.968434	
440.280000	440.280000	
440.635229	440.635229	
440.817082	440.817082	
441.144099	441.144099	
441.284477	441.284477	
441.434426	441.434426	
441.804514	441.804514	
441.973605	441.973605	
443.120000	443.120000	
443.393337	443.393337	
443.643784	443.643784	
444.056942	444.056942	
444.460528	444.460528	
444.650358	444.650358	
444.985350	444.985350	
445.329915	445.329915	
445.600000	445.600000	
445.974377	445.974377	
446.282251	446.282251	
446.593316	446.593316	
446.799097	446.799097	
446.968189	446.968189	
447.290420	447.290420	
447.563200	447.563200	
448.680000	448.680000	
448.923909	448.923909	
449.118524	449.118524	
449.443946	449.443946	
449.801271	449.801271	
449.970363	449.970363	
450.278237	450.278237	
450.616421	450.616421	
450.940000	450.940000	
451.080625	451.080625	
451.366167	451.366167	
451.784110	451.784110	
451.953202	451.953202	
452.139840	452.139840	
452.473238	452.473238	
452.642330	452.642330	
453.720000	453.720000	
454.068442	454.068442	
454.235939	454.235939	
454.601240	454.601240	
455.070230	455.070230	
455.306320	455.306320	
455.550387	455.550387	
456.005020	456.005020	
456.260000	456.260000	
456.810598	456.810598	
457.223756	457.223756	
457.544392	457.544392	
457.924050	457.924050	
458.088356	458.088356	
458.475991	458.475991	
458.708891	458.708891	
459.880000	459.880000	
460.093528	460.093528	
460.315261	460.315261	
460.747561	460.747561	
460.953343	460.953343	
461.132006	461.132006	
461.479760	461.479760	
461.784444	461.784444	
462.100294	462.100294	
462.451239	462.451239	
462.763899	462.763899	
463.164295	463.164295	
463.443456	463.443456	
463.692308	463.692308	
464.019325	464.019325	
464.309652	464.309652	
465.480000	465.480000	
465.892094	465.892094	
466.228682	466.228682	
466.373846	466.373846	
466.723196	466.723196	
467.035856	467.035856	
467.185805	467.185805	
467.348516	467.348516	
467.709032	467.709032	
468.195569	468.195569	
468.607132	468.607132	
468.953291	468.953291	
469.286688	469.286688	
469.462161	469.462161	
469.787582	469.787582	
469.951889	469.951889	
471.120000	471.120000	
471.543902	471.543902	
471.827848	471.827848	
472.142104	472.142104	
472.362242	472.362242	
472.563237	472.563237	
473.100821	473.100821	
473.681475	473.681475	
474.080000	474.080000	
474.436007	474.436007	
474.775785	474.775785	
475.142682	475.142682	
475.332512	475.332512	
475.484056	475.484056	
475.823834	475.823834	
475.994521	475.994521	
477.166996	477.166996	
477.623225	477.623225	
477.932694	477.932694	
478.275663	478.275663	
478.470278	478.470278	
478.610656	478.610656	
478.993505	478.993505	
479.360402	479.360402	
479.680000	479.680000	
480.060696	480.060696	
480.215431	480.215431	
480.572757	480.572757	
480.767372	480.767372	
480.928487	480.928487	
481.249123	481.249123	
481.446929	481.446929	
482.640000	482.640000	
482.853899	482.853899	
483.152202	483.152202	
483.311722	483.311722	
483.606835	483.606835	
483.787093	483.787093	
484.235345	484.235345	
484.552791	484.552791	
485.099946	485.099946	
485.688576	485.688576	
486.154376	486.154376	
486.497345	486.497345	
486.661651	486.661651	
486.835528	486.835528	
487.146593	487.146593	
487.381088	487.381088	
488.560000	488.560000	
488.770510	488.770510	
489.078385	489.078385	
489.257047	489.257047	
489.414973	489.414973	
489.740394	489.740394	
490.049864	490.049864	
490.434308	490.434308	
490.760000	490.760000	
490.947964	490.947964	
491.140983	491.140983	
491.632306	491.632306	
492.058226	492.058226	
492.262412	492.262412	
492.500097	492.500097	
492.788829	492.788829	
493.880000	493.880000	
494.146348	494.146348	
494.557910	494.557910	
494.947140	494.947140	
495.149731	495.149731	
495.432082	495.432082	
495.755909	495.755909	
496.038260	496.038260	
496.432275	496.432275	
496.772054	496.772054	
497.073547	497.073547	
497.434063	497.434063	
497.749914	497.749914	
497.944529	497.944529	
498.188595	498.188595	
498.423090	498.423090	
499.654587	499.654587	
499.970438	499.970438	
500.364453	500.364453	
500.618090	500.618090	
501.042415	501.042415	
501.193959	501.193959	
501.474715	501.474715	
501.910206	501.910206	
502.240000	502.240000	
502.435028	502.435028	
502.760449	502.760449	
503.095442	503.095442	
503.395341	503.395341	
503.589956	503.589956	
503.784570	503.784570	
504.087659	504.087659	
505.240000	505.240000	
505.607889	505.607889	
506.005094	506.005094	
506.341683	506.341683	
506.676675	506.676675	
506.856933	506.856933	
507.182355	507.182355	
507.534895	507.534895	
507.840000	507.840000	
508.035789	508.035789	
508.385139	508.385139	
508.713751	508.713751	
509.047149	509.047149	
509.235383	509.235383	
509.551233	509.551233	
509.729896	509.729896	
510.880000	510.880000	
511.112938	511.112938	
511.406455	511.406455	
511.800471	511.800471	
512.076441	512.076441	
512.312531	512.312531	
512.586906	512.586906	
512.964970	512.964970	
513.400000	513.400000	
513.775333	513.775333	
514.040137	514.040137	
514.383106	514.383106	
514.722884	514.722884	
514.911118	514.911118	
515.226969	515.226969	
515.381704	515.381704	
516.710000	516.710000	
516.925861	516.925861	
517.295948	517.295948	
517.540015	517.540015	
517.876603	517.876603	
518.029742	518.029742	
518.372711	518.372711	
518.726846	518.726846	
519.240000	519.240000	
519.594637	519.594637	
520.066818	520.066818	
520.448072	520.448072	
520.744780	520.744780	
520.942585	520.942585	
521.271197	521.271197	
521.419551	521.419551	
522.560000	522.560000	
522.912662	522.912662	
523.180656	523.180656	
523.416746	523.416746	
523.857023	523.857023	
524.011757	524.011757	
524.396202	524.396202	
524.771074	524.771074	
525.060000	525.060000	
525.354919	525.354919	
525.587819	525.587819	
525.833480	525.833480	
526.327994	526.327994	
526.489109	526.489109	
526.940552	526.940552	
527.088906	527.088906	
528.280000	528.280000	
528.618707	528.618707	
528.843630	528.843630	
529.094077	529.094077	
529.491283	529.491283	
529.634852	529.634852	
529.957083	529.957083	
530.518595	530.518595	
530.899848	530.899848	
531.156676	531.156676	
531.486883	531.486883	
532.029253	532.029253	
532.464743	532.464743	
532.633835	532.633835	
532.914591	532.914591	
533.101230	533.101230	
534.160000	534.160000	
534.573603	534.573603	
534.840002	534.840002	
535.154257	535.154257	
535.308992	535.308992	
535.466917	535.466917	
535.733316	535.733316	
536.345875	536.345875	
536.600000	536.600000	
536.843578	536.843578	
537.200904	537.200904	
537.441780	537.441780	
537.660323	537.660323	
537.831010	537.831010	
538.091028	538.091028	
538.301595	538.301595	
539.480000	539.480000	
539.727707	539.727707	
540.054724	540.054724	
540.203078	540.203078	
540.534881	540.534881	
540.695996	540.695996	
540.898587	540.898587	
541.391505	541.391505	
541.720000	541.720000	
542.056705	542.056705	
542.233773	542.233773	
542.607051	542.607051	
542.903759	542.903759	
543.064874	543.064874	
543.401462	543.401462	
543.559387	543.559387	
544.720000	544.720000	
545.207233	545.207233	
545.360373	545.360373	
545.724079	545.724079	
545.874028	545.874028	
546.076619	546.076619	
546.646107	546.646107	
546.985886	546.985886	
547.280000	547.280000	
547.646300	547.646300	
548.252478	548.252478	
548.593851	548.593851	
548.932035	548.932035	
549.078793	549.078793	
549.391453	549.391453	
549.590854	549.590854	
550.800000	550.800000	
551.138202	551.138202	
551.379077	551.379077	
551.714070	551.714070	
552.036302	552.036302	
552.206988	552.206988	
552.530815	552.530815	
552.787643	552.787643	
553.192824	553.192824	
553.404987	553.404987	
553.685742	553.685742	
554.007974	554.007974	
554.363704	554.363704	
554.520034	554.520034	
554.973072	554.973072	
555.119831	555.119831	
556.320000	556.320000	
556.656012	556.656012	
556.885722	556.885722	
557.058004	557.058004	
557.483923	557.483923	
557.684919	557.684919	
557.980032	557.980032	
558.316620	558.316620	
558.680000	558.680000	
558.844632	558.844632	
559.023295	559.023295	
559.297670	559.297670	
559.524189	559.524189	
559.690090	559.690090	
559.932561	559.932561	
560.163866	560.163866	
561.320000	561.320000	
561.564455	561.564455	
561.755880	561.755880	
562.255178	562.255178	
562.591766	562.591766	
562.764049	562.764049	
563.071923	563.071923	bb
563.606316	563.606316	
563.930143	563.930143	
564.110401	564.110401	
564.459750	564.459750	
564.804314	564.804314	
564.938312	564.938312	
565.112189	565.112189	
565.369017	565.369017	
565.587560	565.587560	
566.720000	566.720000	
567.007291	567.007291	
567.358236	567.358236	
567.543280	567.543280	
567.867106	567.867106	
568.152648	568.152648	
568.498807	568.498807	
568.814657	568.814657	
569.080000	569.080000	
569.513357	569.513357	
569.832398	569.832398	
570.176962	570.176962	
570.334887	570.334887	
570.516740	570.516740	
570.909160	570.909160	
571.135679	571.135679	
572.320000	572.320000	
572.738859	572.738859	
572.891999	572.891999	
573.254110	573.254110	
573.589103	573.589103	
573.764575	573.764575	
574.088402	574.088402	
574.428180	574.428180	
574.750411	574.750411	
575.101356	575.101356	
575.433159	575.433159	
575.772937	575.772937	
576.106335	576.106335	
576.254689	576.254689	
576.513112	576.513112	
576.777916	576.777916	
577.700000	577.700000	
578.242313	578.242313	
578.532640	578.532640	
578.862847	578.862847	
579.193055	579.193055	
579.363742	579.363742	
579.677997	579.677997	
580.202819	580.202819	
580.775497	580.775497	
581.147180	581.147180	
581.337009	581.337009	
581.654454	581.654454	
581.960734	581.960734	
582.134611	582.134611	
582.482365	582.482365	
582.625934	582.625934	   
583.760000	583.760000	
584.098307	584.098307	
584.407777	584.407777	
584.567297	584.567297	
584.919837	584.919837	
585.106476	585.106476	
585.420731	585.420731	
585.935982	585.935982	
586.301284	586.301284	
586.500684	586.500684	
586.977650	586.977650	
587.314238	587.314238	
587.692302	587.692302	
587.848632	587.848632	
588.121412	588.121412	
588.343145	588.343145	
589.520000	589.520000	
589.967063	589.967063	
590.136154	590.136154	
590.474337	590.474337	
590.641834	590.641834	
590.807735	590.807735	
591.050206	591.050206	
591.461769	591.461769	
591.800000	591.800000	
591.953092	591.953092	
592.098255	592.098255	
592.431653	592.431653	
592.599149	592.599149	
592.777812	592.777812	
593.072925	593.072925	
593.249992	593.249992	
594.320000	594.320000	
594.513394	594.513394	
594.685676	594.685676	
595.022264	595.022264	
595.169023	595.169023	
595.304615	595.304615	
595.732130	595.732130	
595.980982	595.980982	
596.320760	596.320760	
596.600000	596.600000	
596.957247	596.957247	
597.467712	597.467712	
597.781967	597.781967	
598.051557	598.051557	
598.376978	598.376978	
598.831611	598.831611	
598.991132	598.991132	
599.960000	599.960000	
600.490623	600.490623	
600.814450	600.814450	
600.954828	600.954828	
601.123919	601.123919	
601.293011	601.293011	
601.643956	601.643956	
602.077851	602.077851	
602.480000	602.480000	
602.647339	602.647339	
602.983927	602.983927	
603.325301	603.325301	
603.460893	603.460893	
603.620414	603.620414	
603.918717	603.918717	
604.108546	604.108546	
605.280000	605.280000	
605.660680	605.660680	
606.025981	606.025981	
606.145622	606.145622	
606.346617	606.346617	
606.498162	606.498162	
606.837940	606.837940	
607.402642	607.402642	
607.700000	607.700000	
607.916298	607.916298	
608.224173	608.224173	
608.362955	608.362955	
608.541618	608.541618	
608.729852	608.729852	
609.160557	609.160557	
609.316887	609.316887	
610.480000	610.480000	
610.725452	610.725452	
611.052469	611.052469	
611.245489	611.245489	
611.682575	611.682575	
611.968116	611.968116	
612.336608	612.336608	
612.850264	612.850264	
613.237899	613.237899	
613.389443	613.389443	
613.721246	613.721246	
613.997216	613.997216	
614.332209	614.332209	
614.542776	614.542776	
614.861816	614.861816	
615.024527	615.024527	
616.200000	616.200000	
616.600589	616.600589	
616.921225	616.921225	
617.243456	617.243456	
617.564092	617.564092	
617.734779	617.734779	
618.077748	618.077748	
618.401574	618.401574	
618.600000	618.600000	
618.990204	618.990204	
619.215128	619.215128	
619.491099	619.491099	
619.926589	619.926589	
620.234464	620.234464	
620.534362	620.534362	
620.716215	620.716215	
621.840000	621.840000	
622.091281	622.091281	
622.373632	622.373632	
622.711815	622.711815	
622.898454	622.898454	
623.075522	623.075522	
623.389777	623.389777	
623.897052	623.897052	
624.252782	624.252782	
624.410708	624.410708	
624.680297	624.680297	
625.080693	625.080693	
625.401329	625.401329	
625.579992	625.579992	
625.865534	625.865534	
626.042601	626.042601	
627.200000	627.200000	
627.433619	627.433619	
627.615473	627.615473	
627.867515	627.867515	
628.086058	628.086058	
628.261530	628.261530	
628.764019	628.764019	
628.996919	628.996919	
629.440000	629.440000	
629.620644	629.620644	
629.968398	629.968398	
630.281058	630.281058	
630.566600	630.566600	
630.746858	630.746858	
631.199896	631.199896	
631.346655	631.346655	
632.440000	632.440000	
632.656317	632.656317	
633.005667	633.005667	
633.168378	633.168378	
633.530489	633.530489	
633.836768	633.836768	
634.190904	634.190904	
634.519516	634.519516	
634.720000	634.720000	
634.967768	634.967768	
635.321903	635.321903	
635.612230	635.612230	
635.803655	635.803655	
635.972746	635.972746	
636.419404	636.419404	
636.572543	636.572543	
637.680000	637.680000	
638.030560	638.030560	
638.384695	638.384695	
638.539430	638.539430	
638.864851	638.864851	
639.179106	639.179106	
639.352984	639.352984	
639.525266	639.525266	
639.850687	639.850687	
640.094754	640.094754	
640.463246	640.463246	
640.756763	640.756763	
640.968925	640.968925	
641.131636	641.131636	
641.471415	641.471415	
641.616578	641.616578	
642.720000	642.720000	
643.194235	643.194235	
643.757342	643.757342	
644.339591	644.339591	
644.663418	644.663418	
644.802201	644.802201	
645.076576	645.076576	
645.403593	645.403593	
645.800000	645.800000	
645.984247	645.984247	
646.193219	646.193219	
646.635090	646.635090	
646.860014	646.860014	
647.131198	647.131198	
647.424716	647.424716	
647.694305	647.694305	
648.840000	648.840000	
649.086919	649.086919	
649.263986	649.263986	
649.584622	649.584622	
649.914829	649.914829	
650.095088	650.095088	
650.415724	650.415724	
650.608743	650.608743	
651.000000	651.000000	
651.366465	651.366465	
651.561080	651.561080	
652.028475	652.028475	
652.406538	652.406538	
652.601153	652.601153	
652.901051	652.901051	
653.060572	653.060572	
654.520000	654.520000	
654.738726	654.738726	
654.915794	654.915794	
655.494853	655.494853	
655.628850	655.628850	
655.839417	655.839417	
656.153672	656.153672	
656.471118	656.471118	
656.807706	656.807706	
656.948084	656.948084	
657.110795	657.110795	
657.448978	657.448978	
657.779185	657.779185	
657.917968	657.917968	
658.262532	658.262532	
658.404505	658.404505	
659.560000	659.560000	
659.967805	659.967805	
660.291632	660.291632	
660.738289	660.738289	
661.180160	661.180160	
661.373180	661.373180	
661.687435	661.687435	
661.826218	661.826218	
662.340000	662.340000	
662.548845	662.548845	
662.816840	662.816840	
663.118333	663.118333	
663.349638	663.349638	
663.518729	663.518729	
663.791509	663.791509	
663.995695	663.995695	
665.080000	665.080000	
665.404260	665.404260	
665.744039	665.744039	
666.061485	666.061485	
666.444333	666.444333	
666.599068	666.599068	
666.755398	666.755398	
666.938847	666.938847	
667.160000	667.160000	
667.588095	667.588095	
667.768353	667.768353	
668.246914	668.246914	
668.447910	668.447910	
668.618597	668.618597	
668.856282	668.856282	
669.116300	669.116300	
670.200000	670.200000	
670.483390	670.483390	
670.727456	670.727456	
671.067235	671.067235	
671.453274	671.453274	
671.619175	671.619175	
671.801029	671.801029	
672.290756	672.290756	
672.633725	672.633725	
672.957551	672.957551	
673.176094	673.176094	
673.442494	673.442494	
673.619561	673.619561	
673.788653	673.788653	
674.102908	674.102908	
674.264024	674.264024	
675.400000	675.400000	
675.707683	675.707683	
676.042676	676.042676	
676.371288	676.371288	
676.709471	676.709471	
676.878563	676.878563	
677.028512	677.028512	
677.543763	677.543763	
677.700000	677.700000	
677.996801	677.996801	
678.368484	678.368484	
678.690715	678.690715	
679.027303	679.027303	
679.183633	679.183633	
679.528197	679.528197	
679.670170	679.670170	
680.920000	680.920000	
681.321206	681.321206	
681.667365	681.667365	
681.825291	681.825291	
682.101261	682.101261	
682.335756	682.335756	
682.657987	682.657987	
683.176428	683.176428	
683.520000	683.520000	
683.787392	683.787392	
684.179812	684.179812	
684.659968	684.659968	
684.835441	684.835441	
685.168838	685.168838	
685.479903	685.479903	
685.634638	685.634638	
686.640000	686.640000	
687.036822	687.036822	
687.558454	687.558454	
687.829639	687.829639	
688.327342	688.327342	
688.509195	688.509195	
688.770809	688.770809	
689.140896	689.140896	
689.517364	689.517364	
689.649766	689.649766	
689.812477	689.812477	
690.120351	690.120351	
690.310181	690.310181	
690.485653	690.485653	
690.772790	690.772790	
690.957834	690.957834	
692.040000	692.040000	
692.497205	692.497205	
692.651940	692.651940	
692.983743	692.983743	
693.305974	693.305974	
693.492613	693.492613	
693.741465	693.741465	
694.242359	694.242359	
694.633184	694.633184	
694.819823	694.819823	
694.988914	694.988914	
695.467475	695.467475	
695.850324	695.850324	
696.001869	696.001869	
696.301767	696.301767	
696.496382	696.496382	
697.640000	697.640000	
697.855496	697.855496	
698.011826	698.011826	
698.203250	698.203250	
698.672240	698.672240	
698.818999	698.818999	
699.109326	699.109326	
699.635743	699.635743	
700.029759	700.029759	
700.353585	700.353585	
700.859265	700.859265	
701.355373	701.355373	
701.808411	701.808411	
701.939218	701.939218	
702.178499	702.178499	
702.433731	702.433731	
703.520000	703.520000	
703.979484	703.979484	
704.277787	704.277787	
704.467616	704.467616	
704.641494	704.641494	
705.293932	705.293932	
705.668805	705.668805	
706.022940	706.022940	
706.360000	706.360000	
706.665808	706.665808	
706.828518	706.828518	
707.206582	707.206582	
707.453838	707.453838	
707.613359	707.613359	
708.061611	708.061611	
708.217941	708.217941	
709.320000	709.320000	
709.801979	709.801979	
710.116234	710.116234	
710.454417	710.454417	
710.795791	710.795791	
711.081332	711.081332	
711.259995	711.259995	
711.590202	711.590202	
711.900000	711.900000	
712.215522	712.215522	
712.395780	712.395780	
712.684512	712.684512	
713.064171	713.064171	
713.210930	713.210930	
713.547518	713.547518	
713.721395	713.721395	
714.720000	714.720000	
715.241624	715.241624	
715.413906	715.413906	
715.712210	715.712210	
716.021679	716.021679	
716.209913	716.209913	
716.540120	716.540120	
716.862352	716.862352	
717.160000	717.160000	
717.470124	717.470124	
718.041207	718.041207	
718.393747	718.393747	
718.628242	718.628242	
718.894642	718.894642	
719.146684	719.146684	
719.452963	719.452963	
720.480000	720.480000	
720.858338	720.858338	
721.301804	721.301804	
721.630416	721.630416	
721.952648	721.952648	
722.112168	722.112168	
722.424828	722.424828	
722.745464	722.745464	
723.058124	723.058124	
723.375570	723.375570	bbb
723.672278	723.672278	
724.050341	724.050341	
724.270479	724.270479	
724.511355	724.511355	
724.879847	724.879847	
725.072867	725.072867	
726.120000	726.120000	
726.360196	726.360196	
726.554811	726.554811	
727.012635	727.012635	
727.411436	727.411436	
727.559790	727.559790	
727.915520	727.915520	
728.400462	728.400462	
728.800000	728.800000	
728.985902	728.985902	
729.596865	729.596865	
729.834551	729.834551	
730.183900	730.183900	
730.404038	730.404038	
730.723079	730.723079	
730.906528	730.906528	
732.040000	732.040000	
732.303926	732.303926	
732.742608	732.742608	
732.975507	732.975507	
733.353571	733.353571	
733.522662	733.522662	
733.745991	733.745991	
734.052270	734.052270	
734.320000	734.320000	
734.462237	734.462237	
734.763731	734.763731	
734.969512	734.969512	
735.524643	735.524643	
735.714473	735.714473	
735.974491	735.974491	
736.186653	736.186653	
737.280000	737.280000	
737.756334	737.756334	
737.922235	737.922235	
738.254037	738.254037	
738.560317	738.560317	
738.785240	738.785240	
739.067591	739.067591	
739.393013	739.393013	
739.640000	739.640000	
739.844456	739.844456	
740.169877	740.169877	
740.286327	740.286327	
740.820721	740.820721	
740.980241	740.980241	
741.292901	741.292901	
741.446041	741.446041	
742.600000	742.600000	
742.859391	742.859391	
743.312429	743.312429	
743.660184	743.660184	
743.909036	743.909036	
744.094079	744.094079	
744.406739	744.406739	
744.759279	744.759279	
745.080000	745.080000	
745.225079	745.225079	
745.499454	745.499454	
746.000348	746.000348	
746.506028	746.506028	
746.641620	746.641620	
746.990970	746.990970	
747.134538	747.134538	
748.280000	748.280000	
748.525556	748.525556	
748.675505	748.675505	
748.827050	748.827050	
749.449179	749.449179	
749.682079	749.682079	
749.820862	749.820862	
749.985168	749.985168	
750.240000	750.240000	
750.567417	750.567417	
750.940695	750.940695	
751.329925	751.329925	
751.460731	751.460731	
751.639394	751.639394	
751.885056	751.885056	
752.117956	752.117956	
753.120000	753.120000	
753.652542	753.652542	
753.807277	753.807277	
754.132698	754.132698	
754.303385	754.303385	
754.491619	754.491619	
754.809065	754.809065	
755.144058	755.144058	
755.440000	755.440000	
755.798091	755.798091	
755.979944	755.979944	
756.431387	756.431387	
756.600479	756.600479	
756.748833	756.748833	
757.181133	757.181133	
757.345439	757.345439	
758.406250	758.406250	
758.738052	758.738052	
759.069855	759.069855	
759.487798	759.487798	
760.087595	760.087595	
760.326875	760.326875	
760.634750	760.634750	
760.953791	760.953791	
761.280000	761.280000	
761.668442	761.668442	
761.821582	761.821582	
762.139027	762.139027	
762.474020	762.474020	
762.663849	762.663849	
762.979700	762.979700	
763.120078	763.120078	
764.280000	764.280000	
764.657854	764.657854	
764.815780	764.815780	
765.139606	765.139606	
765.466623	765.466623	
765.807996	765.807996	
765.951565	765.951565	
766.312081	766.312081	
766.600000	766.600000	
766.961329	766.961329	
767.294727	767.294727	
767.809977	767.809977	
768.135399	768.135399	
768.342776	768.342776	
768.645864	768.645864	
768.811766	768.811766	
769.920000	769.920000	
770.212355	770.212355	
770.517039	770.517039	
770.979648	770.979648	
771.150335	771.150335	
771.313045	771.313045	
771.590611	771.590611	
771.924009	771.924009	
772.240000	772.240000	
772.597185	772.597185	
772.928987	772.928987	
773.249623	773.249623	
773.570259	773.570259	
773.724994	773.724994	
774.067963	774.067963	
774.233864	774.233864	
775.320000	775.320000	
775.801950	775.801950	
776.079515	776.079515	
776.575624	776.575624	
776.929759	776.929759	
777.102041	777.102041	
777.360464	777.360464	
777.746503	777.746503	
778.202732	778.202732	
778.579200	778.579200	
778.812100	778.812100	
779.167830	779.167830	
779.336922	779.336922	
779.475704	779.475704	
779.724556	779.724556	
779.987765	779.987765	
781.080000	781.080000	
781.533518	781.533518	
781.693038	781.693038	
781.862130	781.862130	
782.457141	782.457141	
782.640589	782.640589	
783.074485	783.074485	
783.452548	783.452548	
783.921538	783.921538	
784.266102	784.266102	
784.550048	784.550048	
785.071680	785.071680	
785.534289	785.534289	
785.725714	785.725714	
786.014446	786.014446	
786.209061	786.209061	
787.320000	787.320000	
787.611245	787.611245	
788.006855	788.006855	
788.225398	788.225398	
788.549225	788.549225	
788.726292	788.726292	
789.027786	789.027786	
789.348422	789.348422	
789.680000	789.680000	
789.868459	789.868459	
790.195475	790.195475	
790.511326	790.511326	
790.835152	790.835152	
791.002649	791.002649	
791.312118	791.312118	
791.468448	791.468448	
792.520000	792.520000	
792.856276	792.856276	
793.226363	793.226363	
793.473620	793.473620	
793.787875	793.787875	
793.936229	793.936229	
794.247294	794.247294	
794.443504	794.443504	
794.880000	794.880000	
795.068824	795.068824	
795.373508	795.373508	
795.651073	795.651073	
796.033922	796.033922	
796.198228	796.198228	
796.499722	796.499722	
796.648076	796.648076	
797.720000	797.720000	
798.139591	798.139591	
798.468203	798.468203	
798.689937	798.689937	
798.913265	798.913265	
799.163712	799.163712	
799.484348	799.484348	
799.950148	799.950148	
800.395210	800.395210	
800.653633	800.653633	
800.870581	800.870581	
801.328404	801.328404	
801.644255	801.644255	
801.810156	801.810156	
802.023913	802.023913	
802.280741	802.280741	
803.320000	803.320000	
803.976443	803.976443	
804.271556	804.271556	
804.624096	804.624096	
804.788402	804.788402	
804.939946	804.939946	
805.292486	805.292486	
805.641836	805.641836	
805.960000	805.960000	
806.295870	806.295870	
806.445819	806.445819	
806.895666	806.895666	
807.088686	807.088686	
807.243421	807.243421	
807.559271	807.559271	
807.709220	807.709220	
808.800000	808.800000	
809.143309	809.143309	
809.460754	809.460754	
809.623465	809.623465	
809.942506	809.942506	
810.435424	810.435424	
810.660348	810.660348	
810.803916	810.803916	
811.114981	811.114981	
811.287263	811.287263	
811.448378	811.448378	
811.745086	811.745086	
812.067318	812.067318	
812.212481	812.212481	
812.488451	812.488451	
812.722946	812.722946	
813.800000	813.800000	
814.085251	814.085251	
814.238390	814.238390	
814.589335	814.589335	
814.906781	814.906781	
815.233798	815.233798	
815.375771	815.375771	
815.693216	815.693216	
816.000000	816.000000	
816.174968	816.174968	
816.395106	816.395106	
816.629601	816.629601	
816.781146	816.781146	
816.953428	816.953428	
817.259707	817.259707	
817.406465	817.406465	
818.440000	818.440000	
818.880434	818.880434	
819.146833	819.146833	
819.349424	819.349424	
819.709940	819.709940	
819.920507	819.920507	
820.143836	820.143836	
820.488400	820.488400	
820.877629	820.877629	
821.077030	821.077030	
821.526877	821.526877	
821.750206	821.750206	
822.072437	822.072437	
822.298956	822.298956	
822.622783	822.622783	
822.771137	822.771137	
823.800000	823.800000	
824.299342	824.299342	
824.489171	824.489171	
824.785879	824.785879	
825.112896	825.112896	
825.269226	825.269226	
825.561148	825.561148	
826.093947	826.093947	
826.280000	826.280000	
826.773503	826.773503	
826.960142	826.960142	
827.295135	827.295135	
827.534416	827.534416	
827.760935	827.760935	
828.062428	828.062428	
828.221949	828.221949	
829.440000	829.440000	
829.798010	829.798010	
830.140979	830.140979	
830.466401	830.466401	
830.796608	830.796608	
831.115649	831.115649	
831.276764	831.276764	
831.606972	831.606972	
831.920000	831.920000	
832.186031	832.186031	
832.580046	832.580046	
832.720424	832.720424	
832.889516	832.889516	
833.044250	833.044250	
833.361696	833.361696	
833.510050	833.510050	
834.640000	834.640000	
835.015923	835.015923	
835.267965	835.267965	
835.574244	835.574244	
835.848619	835.848619	
836.051210	836.051210	
836.386203	836.386203	
836.630269	836.630269	
837.000000	837.000000	
837.236447	837.236447	
837.531559	837.531559	
837.825077	837.825077	
838.204735	838.204735	
838.343518	838.343518	
838.686487	838.686487	
838.820484	838.820484	
839.920000	839.920000	
840.366237	840.366237	
840.528948	840.528948	
840.994747	840.994747	
841.256361	841.256361	
841.503617	841.503617	
841.830634	841.830634	
842.334719	842.334719	
842.600000	842.600000	
843.049370	843.049370	
843.306198	843.306198	
843.673095	843.673095	
843.894828	843.894828	
844.055944	844.055944	
844.395722	844.395722	
844.596718	844.596718	
845.760000	845.760000	
846.088234	846.088234	
846.392918	846.392918	
846.579557	846.579557	
846.948049	846.948049	
847.164996	847.164996	
847.393111	847.393111	
847.726508	847.726508	
848.020000	848.020000	
848.260902	848.260902	
848.414041	848.414041	
848.860698	848.860698	
849.017028	849.017028	
849.361592	849.361592	
849.688609	849.688609	
849.832177	849.832177	
850.960000	850.960000	
851.428977	851.428977	
851.733661	851.733661	
852.047916	852.047916	
852.339838	852.339838	
852.545620	852.545620	
852.861470	852.861470	
853.156583	853.156583	
853.541027	853.541027	
853.735642	853.735642	
854.136038	854.136038	
854.345010	854.345010	
854.496554	854.496554	
854.640122	854.640122	
854.901736	854.901736	
855.141016	855.141016	
856.240000	856.240000	
856.741006	856.741006	
856.903717	856.903717	
857.208401	857.208401	
857.503514	857.503514	
857.846482	857.846482	
858.033121	858.033121	
858.372900	858.372900	
858.680000	858.680000	bbbb
859.030124	859.030124	
859.196025	859.196025	
859.505495	859.505495	
859.792631	859.792631	
860.007984	860.007984	
860.250455	860.250455	
860.483355	860.483355	
861.520000	861.520000	
861.832897	861.832897	
862.126415	862.126415	
862.292316	862.292316	
862.609762	862.609762	
862.949540	862.949540	
863.263795	863.263795	
863.790213	863.790213	
864.080000	864.080000	
864.254417	864.254417	
864.785620	864.785620	
865.083923	865.083923	
865.412535	865.412535	
865.573651	865.573651	
865.985213	865.985213	
866.147924	866.147924	
867.240000	867.240000	
867.669749	867.669749	
867.870744	867.870744	
868.156286	868.156286	
868.355687	868.355687	
868.483303	868.483303	
868.583801	868.583801	
869.333547	869.333547	
869.636635	869.636635	
869.821679	869.821679	
870.148696	870.148696	
870.466141	870.466141	
870.622471	870.622471	
870.783587	870.783587	
871.077105	871.077105	
871.276505	871.276505	
872.400000	872.400000	
872.681880	872.681880	
873.023253	873.023253	
873.337509	873.337509	
873.646978	873.646978	
873.827236	873.827236	
874.155848	874.155848	
874.683861	874.683861	
875.000000	875.000000	
875.331514	875.331514	
875.642578	875.642578	
875.977571	875.977571	
876.430609	876.430609	
876.676271	876.676271	
876.979359	876.979359	
877.138880	877.138880	
878.160000	878.160000	
878.555421	878.555421	
878.868081	878.868081	
879.206264	879.206264	
879.526900	879.526900	
879.711944	879.711944	
880.023009	880.023009	
880.342049	880.342049	
880.560000	880.560000	
880.924299	880.924299	
881.205055	881.205055	
881.512929	881.512929	
881.841541	881.841541	
881.981919	881.981919	
882.323293	882.323293	
882.482813	882.482813	
883.560000	883.560000	
884.050899	884.050899	
884.361964	884.361964	
884.564555	884.564555	
884.988879	884.988879	
885.180303	885.180303	
885.343014	885.343014	
885.507320	885.507320	
885.680000	885.680000	
886.083189	886.083189	
886.295351	886.295351	
886.622368	886.622368	
886.804221	886.804221	
886.971717	886.971717	
887.426351	887.426351	
887.574704	887.574704	
888.560000	888.560000	
888.991246	888.991246	
889.303906	889.303906	
889.594233	889.594233	
889.820752	889.820752	
890.071199	890.071199	
890.490737	890.490737	
890.828921	890.828921	
891.200000	891.200000	
891.537191	891.537191	
891.736592	891.736592	
892.071585	892.071585	
892.374673	892.374673	
892.538979	892.538979	
892.816545	892.816545	
893.103682	893.103682	
894.000000	894.000000	
894.239467	894.239467	
894.561698	894.561698	
894.990808	894.990808	
895.297087	895.297087	
895.528392	895.528392	
895.788410	895.788410	
896.190401	896.190401	
896.380000	896.380000	
896.675343	896.675343	
896.949718	896.949718	
897.332567	897.332567	
897.621299	897.621299	
897.798367	897.798367	
898.063171	898.063171	
898.276928	898.276928	
899.360000	899.360000	
899.653589	899.653589	
899.800348	899.800348	
900.302837	900.302837	
900.700043	900.700043	
900.843611	900.843611	
901.095654	901.095654	
901.531144	901.531144	
901.800000	901.800000	
902.017682	902.017682	
902.312794	902.312794	
902.649382	902.649382	
902.832831	902.832831	
902.981185	902.981185	
903.306606	903.306606	
903.464532	903.464532	
904.640000	904.640000	
905.075688	905.075688	
905.391538	905.391538	
905.560630	905.560630	
906.021644	906.021644	
906.168402	906.168402	
906.374184	906.374184	
906.954838	906.954838	
907.366401	907.366401	
907.647157	907.647157	
907.859319	907.859319	
908.195907	908.195907	
908.307571	908.307571	
908.486234	908.486234	
908.704777	908.704777	
908.961605	908.961605	
910.160000	910.160000	
910.402074	910.402074	
910.646140	910.646140	
911.005061	911.005061	
911.244342	911.244342	
911.475646	911.475646	
911.815425	911.815425	
912.115323	912.115323	
912.432769	912.432769	
912.585908	912.585908	
912.922496	912.922496	
913.247918	913.247918	
913.555792	913.555792	
913.712122	913.712122	
914.042330	914.042330	
914.184303	914.184303	
915.200000	915.200000	
915.529060	915.529060	
916.076215	916.076215	
916.404827	916.404827	
916.704725	916.704725	
916.883388	916.883388	
917.205619	917.205619	
917.519874	917.519874	
917.800000	917.800000	
917.987269	917.987269	
918.315881	918.315881	
918.575899	918.575899	
918.942796	918.942796	
919.100721	919.100721	
919.360740	919.360740	
919.603211	919.603211	
920.720000	920.720000	
921.078774	921.078774	
921.260628	921.260628	
921.568502	921.568502	
921.889138	921.889138	
922.080563	922.080563	
922.378866	922.378866	
922.672383	922.672383	
923.000000	923.000000	
923.181253	923.181253	
923.342369	923.342369	
923.615149	923.615149	
923.977260	923.977260	
924.130400	924.130400	
924.457417	924.457417	b
924.591414	924.591414	
925.600000	925.600000	
926.051025	926.051025	
926.259997	926.259997	
926.478540	926.478540	
926.896483	926.896483	
927.040052	927.040052	
927.311237	927.311237	
927.684514	927.684514	
928.005150	928.005150	
928.273145	928.273145	
928.483711	928.483711	
928.785205	928.785205	
929.102651	929.102651	
929.273337	929.273337	
929.552498	929.552498	
929.766255	929.766255	
930.760000	930.760000	
931.125369	931.125369	
931.575217	931.575217	
931.891067	931.891067	
932.061754	932.061754	
932.195751	932.195751	
932.423865	932.423865	
932.840214	932.840214	
933.154469	933.154469	
933.309204	933.309204	
933.641006	933.641006	
933.853168	933.853168	
934.202518	934.202518	
934.430632	934.430632	
934.692245	934.692245	
934.920360	934.920360	
935.920000	935.920000	
936.229163	936.229163	
936.530061	936.530061	
936.696440	936.696440	
936.974328	936.974328	
937.137168	937.137168	
937.383196	937.383196	
937.926380	937.926380	
938.160000	938.160000	
938.561806	938.561806	
938.763585	938.763585	
939.087493	939.087493	
939.535300	939.535300	
939.740619	939.740619	
940.138867	940.138867	
940.319406	940.319406	
941.400000	941.400000	
941.731858	941.731858	
942.158425	942.158425	
942.369054	942.369054	
942.677032	942.677032	
942.857571	942.857571	
943.177939	943.177939	
943.434588	943.434588	
943.804516	943.804516	
943.954965	943.954965	
944.303653	944.303653	
944.638181	944.638181	
944.969169	944.969169	
945.146168	945.146168	
945.432906	945.432906	
945.602825	945.602825	
946.600000	946.600000	
947.001427	947.001427	
947.149796	947.149796	
947.448924	947.448924	
947.776372	947.776372	
947.946291	947.946291	
948.261350	948.261350	
948.587028	948.587028	
948.840000	948.840000	
949.107405	949.107405	
949.535742	949.535742	
949.907440	949.907440	
950.218958	950.218958	
950.380027	950.380027	
950.702165	950.702165	
950.879164	950.879164	
951.920000	951.920000	
952.211966	952.211966	
952.373036	952.373036	
952.904032	952.904032	
953.250950	953.250950	
953.408480	953.408480	
953.562469	953.562469	
953.725308	953.725308	
954.020000	954.020000	
954.367814	954.367814	
954.649242	954.649242	
954.958990	954.958990	
955.288209	955.288209	
955.507687	955.507687	
955.833365	955.833365	
956.013904	956.013904	
957.040000	957.040000	
957.373256	957.373256	
957.537865	957.537865	
957.810444	957.810444	
958.070632	958.070632	
958.366221	958.366221	
958.637029	958.637029	
958.877748	958.877748	
959.260000	959.260000	
959.518484	959.518484	
959.799912	959.799912	
960.045941	960.045941	
960.373389	960.373389	
960.601718	960.601718	
960.930936	960.930936	
961.100855	961.100855	
962.280000	962.280000	
962.575256	962.575256	
963.015983	963.015983	
963.341662	963.341662	
963.663800	963.663800	
963.814249	963.814249	
964.253206	964.253206	
964.593044	964.593044	
964.982442	964.982442	
965.338210	965.338210	
965.639108	965.639108	
966.145325	966.145325	
966.380594	966.380594	
966.532554	966.532554	
966.793932	966.793932	
966.947550	966.947550	
967.960000	967.960000	
968.379000	968.379000	
968.654671	968.654671	
969.169258	969.169258	
969.506190	969.506190	
969.781861	969.781861	
970.008525	970.008525	
970.300532	970.300532	
970.660000	970.660000	
970.907010	970.907010	
971.307244	971.307244	
971.854503	971.854503	
972.148553	972.148553	
972.391552	972.391552	
972.712148	972.712148	
972.863257	972.863257	
973.960000	973.960000	
974.237530	974.237530	
974.641849	974.641849	
974.864428	974.864428	
974.984907	974.984907	
975.178898	975.178898	
975.489283	975.489283	
975.854803	975.854803	
976.201945	976.201945	
976.348970	976.348970	
976.500079	976.500079	
976.796171	976.796171	
976.996288	976.996288	
977.155565	977.155565	
977.486371	977.486371	
977.639521	977.639521	
978.680000	978.680000	
978.985207	978.985207	
979.297635	979.297635	
979.497752	979.497752	
979.763213	979.763213	
979.973540	979.973540	
980.290052	980.290052	
980.641278	980.641278	
980.920000	980.920000	
981.121151	981.121151	
981.268176	981.268176	
981.605108	981.605108	
981.848107	981.848107	
982.084980	982.084980	
982.405576	982.405576	
982.581189	982.581189	
983.520000	983.520000	
984.055521	984.055521	
984.229092	984.229092	
984.459840	984.459840	
984.708965	984.708965	
984.866200	984.866200	
985.109199	985.109199	
985.670752	985.670752	
985.960000	985.960000	
986.554943	986.554943	
986.893917	986.893917	
987.214513	987.214513	
987.537151	987.537151	
987.718890	987.718890	
987.992519	987.992519	
988.213057	988.213057	
989.160000	989.160000	
989.803784	989.803784	
989.971228	989.971228	
990.299992	990.299992	
990.473563	990.473563	
990.624672	990.624672	
990.971814	990.971814	
991.306704	991.306704	
991.645678	991.645678	
991.964232	991.964232	
992.295037	992.295037	
992.589087	992.589087	
992.883137	992.883137	
993.113884	993.113884	
993.446732	993.446732	
993.597841	993.597841	
994.680000	994.680000	
995.274332	995.274332	
995.525500	995.525500	
995.758289	995.758289	
995.991078	995.991078	
996.152397	996.152397	
996.560799	996.560799	
996.983496	996.983496	
997.160000	997.160000	
997.412318	997.412318	
997.771712	997.771712	
998.092308	998.092308	
998.412904	998.412904	
998.566055	998.566055	
998.913197	998.913197	
999.056137	999.056137	
1000.240000	1000.240000	
1000.499839	1000.499839	
1000.769385	1000.769385	
1000.994006	1000.994006	
1001.326854	1001.326854	
1001.482047	1001.482047	
1001.786307	1001.786307	
1002.110986	1002.110986	
1002.440000	1002.440000	
1002.762388	1002.762388	
1003.091152	1003.091152	
1003.254513	1003.254513	
1003.391328	1003.391328	
1003.558773	1003.558773	
1003.897746	1003.897746	
1004.052939	1004.052939	
1005.160000	1005.160000	
1005.472137	1005.472137	
1005.637540	1005.637540	
1005.974472	1005.974472	
1006.117413	1006.117413	
1006.460471	1006.460471	
1006.715722	1006.715722	
1006.956680	1006.956680	
1007.113914	1007.113914	
1007.428384	1007.428384	
1007.573367	1007.573367	
1007.875585	1007.875585	
1008.220685	1008.220685	
1008.369751	1008.369751	
1008.547406	1008.547406	
1008.872086	1008.872086	
1009.021153	1009.021153	
1010.000000	1010.000000	
1010.505695	1010.505695	
1010.775241	1010.775241	
1011.287786	1011.287786	
1011.681894	1011.681894	
1011.914683	1011.914683	
1012.240000	1012.240000	
1012.480321	1012.480321	
1012.854009	1012.854009	
1013.141932	1013.141932	
1013.382890	1013.382890	
1013.691233	1013.691233	
1013.875014	1013.875014	
1014.007745	1014.007745	
1014.338551	1014.338551	
1014.495786	1014.495786	
1015.480000	1015.480000	
1015.831261	1015.831261	
1016.086513	1016.086513	
1016.496957	1016.496957	
1016.793049	1016.793049	
1016.995208	1016.995208	
1017.475080	1017.475080	
1017.920239	1017.920239	
1018.120000	1018.120000	
1018.371524	1018.371524	
1018.569599	1018.569599	
1018.784010	1018.784010	
1019.184244	1019.184244	
1019.339437	1019.339437	
1019.645739	1019.645739	
1019.796847	1019.796847	
1020.800000	1020.800000	
1021.185415	1021.185415	
1021.493759	1021.493759	
1021.638742	1021.638742	
1021.795977	1021.795977	
1021.951170	1021.951170	
1022.202337	1022.202337	
1022.612781	1022.612781	
1022.920000	1022.920000	
1023.070192	1023.070192	
1023.243763	1023.243763	
1023.582737	1023.582737	
1023.742014	1023.742014	
1023.882912	1023.882912	
1024.103450	1024.103450	
1024.377079	1024.377079	
1025.280000	1025.280000	
1025.643126	1025.643126	
1025.916756	1025.916756	
1026.137293	1026.137293	
1026.447679	1026.447679	
1026.602872	1026.602872	
1026.849955	1026.849955	
1027.450306	1027.450306	
1027.700000	1027.700000	
1027.944473	1027.944473	
1028.113960	1028.113960	
1028.446808	1028.446808	
1028.608127	1028.608127	
1028.757194	1028.757194	
1029.090042	1029.090042	
1029.243192	1029.243192	
1030.200000	1030.200000	
1030.576626	1030.576626	
1030.909474	1030.909474	
1031.223943	1031.223943	
1031.387304	1031.387304	
1031.538413	1031.538413	
1031.826337	1031.826337	
1032.412394	1032.412394	
1032.732990	1032.732990	
1032.869805	1032.869805	
1033.078090	1033.078090	
1033.394602	1033.394602	
1033.686609	1033.686609	
1033.874474	1033.874474	
1034.233868	1034.233868	
1034.464616	1034.464616	
1035.480000	1035.480000	
1035.785797	1035.785797	
1036.122729	1036.122729	
1036.357560	1036.357560	
1036.610770	1036.610770	
1036.917071	1036.917071	
1037.245835	1037.245835	
1037.394902	1037.394902	
1037.880901	1037.880901	
1038.203539	1038.203539	
1038.554765	1038.554765	
1038.818184	1038.818184	
1039.218418	1039.218418	
1039.381779	1039.381779	
1039.630905	1039.630905	
1039.837148	1039.837148	
1040.840000	1040.840000	
1041.246136	1041.246136	
1041.650454	1041.650454	
1041.932251	1041.932251	
1042.261015	1042.261015	
1042.405998	1042.405998	
1042.563233	1042.563233	
1042.722510	1042.722510	
1043.000000	1043.000000	
1043.216677	1043.216677	
1043.369828	1043.369828	
1043.639373	1043.639373	
1043.837448	1043.837448	
1044.015103	1044.015103	
1044.251976	1044.251976	
1044.494976	1044.494976	
1045.440000	1045.440000	
1045.922342	1045.922342	
1046.191887	1046.191887	
1046.461433	1046.461433	
1046.743230	1046.743230	
1046.969894	1046.969894	
1047.243523	1047.243523	
1047.541657	1047.541657	
1047.860000	1047.860000	
1048.217563	1048.217563	
1048.440142	1048.440142	
1048.617797	1048.617797	
1049.071123	1049.071123	
1049.261031	1049.261031	
1049.504030	1049.504030	
1049.732735	1049.732735	
1050.760000	1050.760000	
1051.090673	1051.090673	
1051.443941	1051.443941	
1051.903393	1051.903393	
1052.197443	1052.197443	
1052.389392	1052.389392	
1052.685484	1052.685484	
1052.971365	1052.971365	
1053.355263	1053.355263	
1053.600305	1053.600305	
1053.841262	1053.841262	
1054.349723	1054.349723	
1054.625395	1054.625395	
1054.801008	1054.801008	
1055.105267	1055.105267	
1055.289048	1055.289048	
1056.280000	1056.280000	
1056.765423	1056.765423	
1057.167699	1057.167699	
1057.302472	1057.302472	
1057.561807	1057.561807	
1057.821142	1057.821142	
1058.094772	1058.094772	
1058.272427	1058.272427	
1058.480000	1058.480000	
1058.721670	1058.721670	
1058.907493	1058.907493	
1059.226046	1059.226046	
1059.479256	1059.479256	
1059.720213	1059.720213	
1060.038767	1060.038767	
1060.200086	1060.200086	
1061.240000	1061.240000	
1061.666250	1061.666250	
1062.072610	1062.072610	
1062.350324	1062.350324	
1062.717886	1062.717886	
1062.883289	1062.883289	
1063.216137	1063.216137	
1063.389708	1063.389708	
1063.851202	1063.851202	
1064.079908	1064.079908	
1064.353537	1064.353537	
1064.772149	1064.772149	
1064.974309	1064.974309	
1065.158090	1065.158090	
1065.572618	1065.572618	
1065.729853	1065.729853	
1066.760000	1066.760000	
1067.112294	1067.112294	
1067.394092	1067.394092	
1067.686100	1067.686100	
1068.025074	1068.025074	
1068.337501	1068.337501	
1068.502904	1068.502904	
1068.686685	1068.686685	
1069.000000	1069.000000	
1069.303373	1069.303373	
1069.603548	1069.603548	
1069.850632	1069.850632	
1069.999699	1069.999699	
1070.173270	1070.173270	
1070.538790	1070.538790	
1070.751159	1070.751159	
1071.720000	1071.720000	
1072.082550	1072.082550	
1072.544045	1072.544045	
1072.727826	1072.727826	
1073.032086	1073.032086	
1073.362892	1073.362892	
1073.544631	1073.544631	
1073.712075	1073.712075	
1074.030629	1074.030629	
1074.377771	1074.377771	
1074.682031	1074.682031	
1075.014879	1075.014879	
1075.280340	1075.280340	
1075.507004	1075.507004	
1075.825557	1075.825557	
1076.039968	1076.039968	
1077.000000	1077.000000	
1077.514301	1077.514301	
1077.714418	1077.714418	
1078.028888	1078.028888	
1078.224921	1078.224921	
1078.533264	1078.533264	
1078.735424	1078.735424	
1079.184666	1079.184666	
1079.480000	1079.480000	
1079.854446	1079.854446	
1080.013723	1080.013723	
1080.340445	1080.340445	
1080.679418	1080.679418	
1080.861157	1080.861157	
1081.151123	1081.151123	
1081.359408	1081.359408	
1082.400000	1082.400000	
1082.733682	1082.733682	
1083.046110	1083.046110	
1083.227849	1083.227849	
1083.536192	1083.536192	
1083.883334	1083.883334	
1084.199846	1084.199846	
1084.555156	1084.555156	
1085.032987	1085.032987	
1085.288238	1085.288238	
1085.441389	1085.441389	
1085.731355	1085.731355	
1086.025404	1086.025404	
1086.260236	1086.260236	
1086.609420	1086.609420	
1086.793201	1086.793201	
1087.880000	1087.880000	
1088.091920	1088.091920	
1088.261407	1088.261407	
1088.494196	1088.494196	
1088.914851	1088.914851	
1089.100674	1089.100674	
1089.417185	1089.417185	
1089.919520	1089.919520	
1090.300000	1090.300000	
1090.427981	1090.427981	
1090.615846	1090.615846	
1091.089593	1091.089593	
1091.477575	1091.477575	
1091.636852	1091.636852	
1091.983994	1091.983994	
1092.135103	1092.135103	
1093.200000	1093.200000	
1093.499166	1093.499166	
1093.838140	1093.838140	
1094.091350	1094.091350	
1094.626357	1094.626357	
1094.818306	1094.818306	
1095.169532	1095.169532	
1095.486043	1095.486043	
1095.980210	1095.980210	
1096.182369	1096.182369	
1096.509091	1096.509091	
1096.835813	1096.835813	
1096.976712	1096.976712	
1097.166619	1097.166619	
1097.536223	1097.536223	
1097.717962	1097.717962	
1098.720000	1098.720000	
1099.053437	1099.053437	
1099.243344	1099.243344	
1099.572108	1099.572108	
1099.719133	1099.719133	
1099.915166	1099.915166	
1100.250056	1100.250056	
1100.560442	1100.560442	
1100.800000	1100.800000	
1101.232264	1101.232264	
1101.563069	1101.563069	
1101.912253	1101.912253	
1102.085824	1102.085824	
1102.259395	1102.259395	
1102.586117	1102.586117	
1102.796444	1102.796444	
1103.800000	1103.800000	
1104.311617	1104.311617	
1104.656717	1104.656717	
1104.809868	1104.809868	
1104.971187	1104.971187	
1105.128421	1105.128421	
1105.467395	1105.467395	
1105.814537	1105.814537	
1106.120000	1106.120000	
1106.425099	1106.425099	
1106.682392	1106.682392	
1106.992778	1106.992778	
1107.262323	1107.262323	
1107.482861	1107.482861	
1107.836129	1107.836129	
1107.993363	1107.993363	
1108.960000	1108.960000	
1109.635141	1109.635141	
1109.847510	1109.847510	
1110.092551	1110.092551	
1110.445819	1110.445819	
1110.670440	1110.670440	
1111.021666	1111.021666	
1111.385144	1111.385144	
1111.640000	1111.640000	
1112.065134	1112.065134	
1112.230537	1112.230537	
1112.406150	1112.406150	
1112.734914	1112.734914	
1112.890107	1112.890107	
1113.218871	1113.218871	
1113.404694	1113.404694	
1114.320000	1114.320000	
1114.768757	1114.768757	
1115.119983	1115.119983	
1115.448747	1115.448747	
1115.785679	1115.785679	
1115.946998	1115.946998	
1116.071561	1116.071561	
1116.259426	1116.259426	
1116.560000	1116.560000	
1116.976172	1116.976172	
1117.135449	1117.135449	
1117.441750	1117.441750	
1117.817480	1117.817480	
1117.986967	1117.986967	
1118.330025	1118.330025	
1118.475008	1118.475008	
1119.480000	1119.480000	
1119.922794	1119.922794	
1120.372037	1120.372037	
1120.645666	1120.645666	
1120.849867	1120.849867	
1121.005060	1121.005060	
1121.356286	1121.356286	
1121.846369	1121.846369	
1122.271107	1122.271107	
1122.624375	1122.624375	
1122.746896	1122.746896	
1123.010316	1123.010316	
1123.267609	1123.267609	
1123.412592	1123.412592	
1123.759734	1123.759734	
1123.910843	1123.910843	
1124.920000	1124.920000	
1125.575082	1125.575082	
1125.813997	1125.813997	
1126.083543	1126.083543	
1126.363298	1126.363298	
1126.616508	1126.616508	
1126.849297	1126.849297	
1127.298540	1127.298540	
1127.480000	1127.480000	
1127.774328	1127.774328	
1127.923395	1127.923395	
1128.462486	1128.462486	
1128.691191	1128.691191	
1128.815754	1128.815754	
1129.179232	1129.179232	
1129.356887	1129.356887	
1130.360000	1130.360000	
1130.767917	1130.767917	
1131.204907	1131.204907	
1131.441781	1131.441781	
1131.656192	1131.656192	
1131.850183	1131.850183	
1132.144233	1132.144233	
1132.475039	1132.475039	
1132.840000	1132.840000	
1133.081516	1133.081516	
1133.739044	1133.739044	
1134.071892	1134.071892	
1134.339395	1134.339395	
1134.584436	1134.584436	
1134.919326	1134.919326	
1135.060225	1135.060225	
1136.080000	1136.080000	
1136.530473	1136.530473	
1136.767347	1136.767347	
1137.010346	1137.010346	
1137.316648	1137.316648	
1137.594361	1137.594361	
1137.837361	1137.837361	
1138.190629	1138.190629	
1138.560000	1138.560000	
1138.835904	1138.835904	
1139.089114	1139.089114	
1139.299441	1139.299441	
1139.689465	1139.689465	
1139.895708	1139.895708	
1140.230598	1140.230598	
1140.385791	1140.385791	
1141.400000	1141.400000	
1141.762107	1141.762107	
1142.397172	1142.397172	
1142.548281	1142.548281	
1142.825995	1142.825995	
1143.093498	1143.093498	
1143.375296	1143.375296	
1143.695891	1143.695891	
1143.859252	1143.859252	
1144.200268	1144.200268	
1144.361587	1144.361587	
1144.647469	1144.647469	
1145.006863	1145.006863	
1145.200854	1145.200854	
1145.554122	1145.554122	
1145.701147	1145.701147	
1146.560000	1146.560000	
1147.240823	1147.240823	
1147.522621	1147.522621	bbbb
1147.869763	1147.869763	
1148.178107	1148.178107	
1148.353719	1148.353719	
1148.690651	1148.690651	
1149.029625	1149.029625	
1149.346137	1149.346137	
1149.662649	1149.662649	
1150.069009	1150.069009	
1150.316092	1150.316092	
1150.712243	1150.712243	
1150.900108	1150.900108	
1151.224788	1151.224788	
1151.388148	1151.388148	
1152.400000	1152.400000	
1152.948245	1152.948245	
1153.117732	1153.117732	
1153.458748	1153.458748	
1153.773218	1153.773218	
1153.942705	1153.942705	
1154.240838	1154.240838	
1154.573686	1154.573686	
1154.960000	1154.960000	
1155.292474	1155.292474	
1155.655952	1155.655952	
1155.919372	1155.919372	
1156.293060	1156.293060	
1156.480925	1156.480925	
1156.811731	1156.811731	
1156.966924	1156.966924	
1157.920000	1157.920000	
1158.457592	1158.457592	
1158.665877	1158.665877	
1158.849658	1158.849658	
1159.315237	1159.315237	
1159.466346	1159.466346	
1159.786942	1159.786942	
1160.019731	1160.019731	
1160.483267	1160.483267	
1161.018274	1161.018274	
1161.179593	1161.179593	
1161.526735	1161.526735	
1161.849373	1161.849373	
1162.008650	1162.008650	
1162.325162	1162.325162	
1162.490565	1162.490565	
1163.520000	1163.520000	
1163.828082	1163.828082	
1164.330417	1164.330417	
1164.499904	1164.499904	
1164.828668	1164.828668	
1164.970804	1164.970804	
1165.163558	1165.163558	
1165.716943	1165.716943	
1166.060000	1166.060000	
1166.405101	1166.405101	
1166.750201	1166.750201	
1166.972780	1166.972780	
1167.123889	1167.123889	
1167.295418	1167.295418	
1167.613971	1167.613971	
1167.783458	1167.783458	
1168.840000	1168.840000	
1169.314967	1169.314967	
1169.645773	1169.645773	
1169.898982	1169.898982	
1170.054175	1170.054175	
1170.225704	1170.225704	
1170.550384	1170.550384	
1170.705577	1170.705577	
1170.887316	1170.887316	
1171.424365	1171.424365	
1171.565263	1171.565263	
1171.732708	1171.732708	
1171.936910	1171.936910	
1173.000000	1173.000000	
1173.362234	1173.362234	
1173.556225	1173.556225	
1173.868652	1173.868652	
1174.185164	1174.185164	
1174.354651	1174.354651	
1174.699751	1174.699751	
1175.259262	1175.259262	
1175.580000	1175.580000	
1175.875950	1175.875950	
1176.216966	1176.216966	
1176.496721	1176.496721	
1176.874493	1176.874493	
1177.037854	1177.037854	
1177.370702	1177.370702	
1177.552441	1177.552441	
1178.520000	1178.520000	
1179.104370	1179.104370	
1179.590368	1179.590368	
1179.968141	1179.968141	
1180.282610	1180.282610	
1180.470475	1180.470475	
1180.799239	1180.799239	
1181.011608	1181.011608	
1181.379170	1181.379170	
1181.783489	1181.783489	
1181.961144	1181.961144	
1182.289908	1182.289908	
1182.610503	1182.610503	
1182.769780	1182.769780	
1183.016864	1183.016864	
1183.282325	1183.282325	
1184.040000	1184.040000	
1184.529994	1184.529994	
1184.705607	1184.705607	
1185.038455	1185.038455	
1185.332505	1185.332505	
1185.487697	1185.487697	
1185.834839	1185.834839	
1186.359636	1186.359636	
1186.660000	1186.660000	
1187.000828	1187.000828	
1187.323466	1187.323466	
1187.570549	1187.570549	
1187.964657	1187.964657	
1188.134144	1188.134144	
1188.452698	1188.452698	
1188.605849	1188.605849	
1189.600000	1189.600000	
1190.196576	1190.196576	
1190.745877	1190.745877	
1191.044011	1191.044011	
1191.356438	1191.356438	
1191.538177	1191.538177	
1191.862857	1191.862857	
1192.148739	1192.148739	
1192.480000	1192.480000	
1192.849149	1192.849149	
1193.032930	1193.032930	
1193.347399	1193.347399	
1193.651659	1193.651659	
1193.833398	1193.833398	
1194.086608	1194.086608	
1194.327565	1194.327565	
1195.040000	1195.040000	
1195.603822	1195.603822	
1195.779435	1195.779435	
1196.089821	1196.089821	
1196.387955	1196.387955	
1196.549273	1196.549273	
1196.878037	1196.878037	
1197.408960	1197.408960	
1197.694842	1197.694842	
1198.017480	1198.017480	
1198.340117	1198.340117	
1198.638251	1198.638251	
1198.997645	1198.997645	
1199.152838	1199.152838	
1199.473434	1199.473434	
1199.651089	1199.651089	
1200.720000	1200.720000	
1201.170345	1201.170345	
1201.672680	1201.672680	
1202.021864	1202.021864	
1202.346544	1202.346544	
1202.507863	1202.507863	
1202.828459	1202.828459	
1203.067374	1203.067374	
1203.381844	1203.381844	
1203.784120	1203.784120	
1203.933187	1203.933187	
1204.263993	1204.263993	
1204.580504	1204.580504	
1204.741823	1204.741823	
1205.041999	1205.041999	
1205.225780	1205.225780	
